0.00058 0.055172413793103448  0.055172413793103448  1 1 0 0 0
0.00116 0.0  0.0  1 1 0 0 0
0.00174 0.0  0.0  1 1 0 0 0
0.00232 745.93103448275861  0.0  12.9883 1 0.054931640625 0 0
0.0028999999999999998 1551.7241379310346  0.0  17.9428 1 0.039781298255547881 0 0
0.0034799999999999996 2544.8275862068963  0.0  23.9045 1 0.027008882191306358 0 0
0.0040599999999999994 2896.5517241379307  0.0  28.8832 1 0.018337252659222422 0 0
0.0046399999999999992 3496.5517241379307  0.0  33.8681 1 0.013279772985550903 0 0
0.0052199999999999989 4531.0344827586205  0.0  39.8553 1 0.009016091475697801 0 0
0.0057999999999999987 4613.7931034482754  0.0  44.8478 1 0.0061213324645382327 0 0
0.0063799999999999985 5586.2068965517246  0.0  49.8425 1 0.0044330471422755436 0 1
0.0069599999999999983 6268.9655172413795  0.0  55.8382 1 0.0030097471240152335 0 1
0.0075399999999999981 6517.2965517241382  0.0  60.8357 1 0.002043420126109482 0 0
0.0081199999999999987 7613.7931034482754  0.0  66.8336 1 0.0014798375685352212 0 1
0.0086999999999999994 8006.8965517241386  0.0  71.8324 1 0.0010047122719345394 0 0
0.0092800000000000001 8648.2758620689656  0.0  77.8314 1 0.00068213347926761878 0 0
0.0098600000000000007 9475.8620689655163  0.0  83.8307 1 0.00049399863321194452 0 0
0.010440000000000001 9951.7241379310344  0.0  88.8303 1 0.00033539254554687775 0 2
0.011020000000000002 10117.241379310344  0.0  93.83 1 0.00024289008548227333 0 8
0.011600000000000003 10096.551724137931  0.0  98.8297 1 0.00017590013376531728 0 13
0.012180000000000003 10096.551724137931  0.0  103.83 1 0.000127386249616659 0 17
0.012760000000000004 10117.241379310344  0.0  108.829 1 9.2252667715692928e-05 0 22
0.013340000000000005 10075.862068965516  0.0  112.829 1 7.1262989854537268e-05 0 27
0.013920000000000005 10075.862068965516  0.0  116.829 1 5.1608403130330317e-05 0 30
0.014500000000000006 10096.551724137931  0.0  120.829 1 3.9866262946670108e-05 0 35
0.015080000000000007 10075.862068965516  0.0  124.829 1 3.0795739161303317e-05 0 39
0.015660000000000007 10075.862068965516  0.0  128.829 1 2.5374907145849291e-05 0 42
0.016240000000000008 10096.551724137931  0.0  132.829 1 1.9601511753213811e-05 0 46
0.016820000000000009 10055.172413793105  0.0  135.829 1 1.5141701240637956e-05 0 50
0.017400000000000009 10075.862068965516  0.0  139.829 1 1.2476377365027612e-05 0 53
0.01798000000000001 10075.862068965516  0.0  142.829 1 9.6377045304034869e-06 0 57
0.018560000000000011 10055.172413793105  0.0  145.829 1 7.9412238257108824e-06 0 60
0.019140000000000011 10075.862068965516  0.0  149.829 1 6.5433667997495677e-06 0 63
0.019720000000000012 10055.172413793105  0.0  151.323 1 0.078130054595096393 0 66
0.020300000000000012 9972.4137931034493  0.0  150.896 1 0.16325413434044195 0 65
0.020880000000000013 9951.7241379310344  0.0  148.83 1 0.19388858274068382 0 62
0.021460000000000014 9993.1034482758623  0.0  147.516 1 0.1710092692260273 0 61
0.022040000000000014 10055.172413793105  0.0  150.396 1 0.17583896805926535 0 65
0.022620000000000015 9931.0344827586214  0.0  147.959 1 0.20482002406491298 0 61
0.023200000000000016 10075.862068965516  0.0  150.844 1 0.16876649932106477 0 65
0.023780000000000016 9972.4137931034493  0.0  149.571 1 0.18685175105126997 0 63
0.024360000000000017 9951.7241379310344  0.0  147.158 1 0.21682568191683824 0 61
0.024940000000000018 10075.862068965516  0.0  150.036 1 0.1786588565598948 0 65
0.025520000000000018 9931.0344827586214  0.0  147.869 1 0.20630710812066594 0 62
0.026100000000000019 10075.862068965516  0.0  151.728 1 0.15936733014844837 0 64
0.02668000000000002 9972.4137931034493  0.0  149.774 1 0.18699876245894415 0 64
0.02726000000000002 9951.7241379310344  0.0  147.677 1 0.20908223225071693 0 62
0.027840000000000021 10055.172413793105  0.0  150.562 1 0.1794270888095649 0 64
0.028420000000000022 9972.4137931034493  0.0  148.347 1 0.19484914180428456 0 63
0.029000000000000022 9972.4137931034493  0.0  147.016 1 0.20888407883857271 0 61
0.029580000000000023 10034.48275862069  0.0  149.897 1 0.18528372125111484 0 63
0.030160000000000024 9972.4137931034493  0.0  147.845 1 0.19725241517476708 0 62
0.030740000000000024 10055.172413793105  0.0  150.73 1 0.16789286508016688 0 65
0.031320000000000021 9972.4137931034493  0.0  149.482 1 0.19546334758309516 0 62
0.031900000000000019 9972.4137931034493  0.0  147.169 1 0.19897350213857734 0 62
0.032480000000000016 10055.172413793105  0.0  150.05 1 0.18652376053280179 0 65
0.033060000000000013 9931.0344827586214  0.0  147.651 1 0.20195912114227274 0 61
0.03364000000000001 9993.1034482758623  0.0  146.461 1 0.1664091879529225 0 65
0.034220000000000007 10055.172413793105  0.0  149.343 1 0.19511873823409837 0 64
0.034800000000000005 9951.7241379310344  0.0  147.046 1 0.21289281703716742 0 61
0.035380000000000002 10055.172413793105  0.0  149.926 1 0.17541827575694338 0 64
0.035959999999999999 9951.7241379310344  0.0  147.828 1 0.20704555627146068 0 62
0.036539999999999996 9972.4137931034493  0.0  146.502 1 0.17060028135160638 0 60
0.037119999999999993 10075.862068965516  0.0  149.384 1 0.18698437098046505 0 64
0.03769999999999999 9931.0344827586214  0.0  146.97 1 0.21717504013374919 0 61
0.038279999999999988 10055.172413793105  0.0  149.848 1 0.17894671886020594 0 63
0.038859999999999985 9993.1034482758623  0.0  148.609 1 0.21088933359369394 0 62
0.039439999999999982 9951.7241379310344  0.0  146.233 1 0.1729069902523919 0 61
0.040019999999999979 10055.172413793105  0.0  149.115 1 0.19025397221289414 0 63
0.040599999999999976 9951.7241379310344  0.0  146.618 1 0.22120409760857535 0 61
0.041179999999999974 10075.862068965516  0.0  150.457 1 0.17087489992422678 0 64
0.041759999999999971 9951.7241379310344  0.0  148.172 1 0.20115115136996795 0 62
0.042339999999999968 9972.4137931034493  0.0  146.052 1 0.16574344137540084 0 61
0.042919999999999965 10034.48275862069  0.0  148.937 1 0.19153483922803632 0 63
0.043499999999999962 9993.1034482758623  0.0  148.002 1 0.20712277073037727 0 61
0.044079999999999959 10055.172413793105  0.055172413793103448  150.89 1 0.17402706577614865 0 65
0.044659999999999957 9951.7241379310344  0.0  148.82 1 0.2030150308038535 0 63
0.045239999999999954 9951.7241379310344  0.0  146.637 1 0.16727923070385878 0 60
0.045819999999999951 10075.862068965516  0.0  149.515 1 0.18188399369121144 0 64
0.046399999999999948 9972.4137931034493  0.0  148.196 1 0.21008825498204803 0 63
0.046979999999999945 9931.0344827586214  0.0  145.854 1 0.17310738783310842 0 59
0.047559999999999943 10075.862068965516  0.0  148.73 1 0.19948718332574661 0 63
0.04813999999999994 9951.7241379310344  0.0  146.64 1 0.19618243391722495 0 61
0.048719999999999937 10075.862068965516  0.0  150.485 1 0.1804615500466753 0 63
0.049299999999999934 9972.4137931034493  0.0  148.245 1 0.20985262733020396 0 63
0.049879999999999931 9931.0344827586214  0.0  145.908 1 0.17291323663072225 0 60
0.050459999999999929 10055.172413793105  0.0  148.786 1 0.1877571608594587 0 62
0.051039999999999926 9993.1034482758623  0.0  147.637 1 0.18637379994319819 0 61
0.051619999999999923 10055.172413793105  0.0  150.52 1 0.18178558754617088 0 65
0.05219999999999992 9951.7241379310344  0.0  148.243 1 0.19863752850578367 0 62
0.052779999999999917 9951.7241379310344  0.0  145.854 1 0.18867227995776853 0 60
0.053359999999999914 10075.862068965516  0.0  149.694 1 0.18993550815654126 0 63
0.053939999999999912 9951.7241379310344  0.0  147.527 1 0.1777520361397282 0 61
0.054519999999999909 10075.862068965516  0.0  150.409 1 0.1725821024351529 0 65
0.055099999999999906 9951.7241379310344  0.0  148.071 1 0.20129366266942955 0 63
0.055679999999999903 10034.48275862069  0.0  150.958 1 0.16586086706770622 0 64
0.0562599999999999 9993.1034482758623  0.0  149.77 1 0.1960715804386709 0 63
0.056839999999999898 9951.7241379310344  0.0  147.436 1 0.2151271526302522 0 62
0.057419999999999895 10055.172413793105  0.0  150.315 1 0.17725931155446806 0 64
0.057999999999999892 9951.7241379310344  0.0  147.837 1 0.20639358094013976 0 62
0.058579999999999889 9972.4137931034493  0.0  146.528 1 0.16318412834311793 0 65
0.059159999999999886 10055.172413793105  0.0  149.412 1 0.18788624257724101 0 63
0.059739999999999883 9972.4137931034493  0.0  147.295 1 0.21729021104975044 0 62
0.060319999999999881 10055.172413793105  0.0  150.173 1 0.17904161677072944 0 65
0.060899999999999878 9951.7241379310344  0.0  148.942 1 0.19370858701488067 0 61
0.061479999999999875 9972.4137931034493  0.0  146.992 1 0.15961095731816949 0 61
0.062059999999999872 10055.172413793105  0.0  149.874 1 0.18723462117824274 0 64
0.062639999999999876 9951.7241379310344  0.0  147.768 1 0.20885990718015202 0 61
0.063219999999999874 10075.862068965516  0.0  150.652 1 0.16839388379087042 0 65
0.063799999999999871 9972.4137931034493  0.0  149.39 1 0.19503338746446816 0 64
0.064379999999999868 9951.7241379310344  0.0  147.09 1 0.20861922591778487 0 61
0.064959999999999865 10055.172413793105  0.0  149.971 1 0.18544173328303673 0 64
0.065539999999999862 9951.7241379310344  0.0  147.912 1 0.20391927338986804 0 62
0.066119999999999859 9972.4137931034493  0.0  146.664 1 0.16802430363545037 0 64
0.066699999999999857 10075.862068965516  0.0  149.543 1 0.19560676573263619 0 64
0.067279999999999854 9951.7241379310344  0.0  147.224 1 0.19867500838565605 0 62
0.067859999999999851 10055.172413793105  0.0  150.105 1 0.17498817503738198 0 64
0.068439999999999848 9972.4137931034493  0.0  148.66 1 0.20209765315011918 0 62
0.069019999999999845 9951.7241379310344  0.0  146.505 1 0.16652333480997369 0 61
0.069599999999999843 10055.172413793105  0.0  149.387 1 0.18304491418438409 0 63
0.07017999999999984 9972.4137931034493  0.0  147.086 1 0.21303005515630896 0 62
0.070759999999999837 10034.48275862069  0.0  149.966 1 0.17553135648255436 0 64
0.071339999999999834 9972.4137931034493  0.0  148.821 1 0.20717618910995469 0 62
0.071919999999999831 9972.4137931034493  0.0  146.532 1 0.1800386745253213 0 61
0.072499999999999828 10055.172413793105  0.0  149.414 1 0.18710044024299025 0 64
0.073079999999999826 9931.0344827586214  0.0  146.996 1 0.21730813545077965 0 60
0.073659999999999823 10096.551724137931  0.0  150.838 1 0.17905638602206575 0 64
0.07423999999999982 9951.7241379310344  0.0  148.631 1 0.19782858163343384 0 63
0.074819999999999817 9951.7241379310344  0.0  146.251 1 0.17258906160795229 0 60
0.075399999999999814 10075.862068965516  0.0  149.132 1 0.19036825119615275 0 64
0.075979999999999812 9951.7241379310344  0.0  147.588 1 0.20750500319242898 0 61
0.076559999999999809 10055.172413793105  0.0  150.471 1 0.1709788539488398 0 64
0.077139999999999806 9972.4137931034493  0.0  148.183 1 0.20127192296408591 0 63
0.077719999999999803 9951.7241379310344  0.0  146.061 1 0.16584295410248778 0 61
0.0782999999999998 10055.172413793105  0.0  149.902 1 0.18005023428616593 0 62
0.078879999999999797 9972.4137931034493  0.0  147.99 1 0.20627348813048749 0 62
0.079459999999999795 10055.172413793105  0.0  150.878 1 0.17444833236796162 0 65
0.080039999999999792 9951.7241379310344  0.0  148.796 1 0.20347451535462779 0 62
0.080619999999999789 9972.4137931034493  0.0  146.602 1 0.20842921966290331 0 61
0.081199999999999786 10075.862068965516  0.0  150.444 1 0.18227522004243299 0 65
0.081779999999999783 9951.7241379310344  0.0  148.151 1 0.21052298713731549 0 62
0.082359999999999781 9951.7241379310344  0.0  145.8 1 0.17346559609092768 0 60
0.082939999999999778 10055.172413793105  0.0  148.676 1 0.18740249016123448 0 63
0.083519999999999775 9972.4137931034493  0.0  147.538 1 0.19524822695983879 0 60
0.084099999999999772 10075.862068965516  0.0  150.422 1 0.18082051957549725 0 65
0.084679999999999769 9951.7241379310344  0.0  148.174 1 0.19711948189015782 0 63
0.085259999999999767 9931.0344827586214  0.0  145.829 1 0.19658811475731186 0 59
0.085839999999999764 10096.551724137931  0.0  149.669 1 0.18812349922440647 0 63
0.086419999999999761 9951.7241379310344  0.0  147.551 1 0.1854256534543551 0 62
0.086999999999999758 10055.172413793105  0.0  150.434 1 0.17074975430156783 0 64
0.087579999999999755 9972.4137931034493  0.0  148.15 1 0.19901129975134035 0 63
0.088159999999999752 9951.7241379310344  0.0  146.716 1 0.1877302579738217 0 60
0.08873999999999975 10055.172413793105  0.0  149.594 1 0.1902958226628822 0 63
0.089319999999999747 9972.4137931034493  0.0  147.421 1 0.20984145901374585 0 62
0.089899999999999744 10055.172413793105  0.0  150.303 1 0.17290403422153131 0 65
0.090479999999999741 9931.0344827586214  0.0  147.959 1 0.20166427463923967 0 61
0.091059999999999738 9993.1034482758623  0.0  146.767 1 0.16616624192076021 0 61
0.091639999999999736 10055.172413793105  0.0  149.652 1 0.18415176554607432 0 64
0.092219999999999733 9951.7241379310344  0.0  147.312 1 0.21551527462948836 0 61
0.09279999999999973 10075.862068965516  0.0  150.191 1 0.17757911422717851 0 65
0.093379999999999727 9951.7241379310344  0.0  148.667 1 0.19384757052442692 0 62
0.093959999999999724 9951.7241379310344  0.0  146.393 1 0.16222547620115746 0 60
0.094539999999999721 10075.862068965516  0.0  149.278 1 0.18822506989465221 0 64
0.095119999999999719 9951.7241379310344  0.0  147.161 1 0.21675934510769479 0 62
0.095699999999999716 9951.7241379310344  0.0  145.923 1 0.16849962098915924 0 64
0.096279999999999713 10075.862068965516  0.0  148.799 1 0.19455398373782629 0 63
0.09685999999999971 9951.7241379310344  0.0  146.833 1 0.16030754275272552 0 61
0.097439999999999707 10055.172413793105  0.0  149.714 1 0.18808951882793357 0 63
0.098019999999999705 9993.1034482758623  0.0  148.55 1 0.20532785243590512 0 62
0.098599999999999702 9951.7241379310344  0.0  146.317 1 0.16918493700468257 0 61
0.099179999999999699 10055.172413793105  0.0  149.195 1 0.19596612416567005 0 63
0.099759999999999696 9951.7241379310344  0.0  146.877 1 0.21214155843838628 0 61
0.10033999999999969 10055.172413793105  0.0  149.757 1 0.17479925774647306 0 64
0.10091999999999969 9972.4137931034493  0.0  148.638 1 0.20499975628507364 0 62
0.10149999999999969 9972.4137931034493  0.0  146.41 1 0.16891459410696377 0 61
0.10207999999999968 10055.172413793105  0.0  149.29 1 0.18433244195108245 0 64
0.10265999999999968 9931.0344827586214  0.0  146.953 1 0.21365788116212783 0 60
0.10323999999999968 10096.551724137931  0.0  150.797 1 0.17604866917045447 0 64
0.10381999999999968 9951.7241379310344  0.0  148.676 1 0.20696566936961797 0 63
0.10439999999999967 9951.7241379310344  0.0  146.398 1 0.18695938637039555 0 60
0.10497999999999967 10075.862068965516  0.0  149.278 1 0.1864067811463446 0 64
0.10555999999999967 9951.7241379310344  0.0  147.84 1 0.21637732105922072 0 61
0.10613999999999967 10055.172413793105  0.0  150.726 1 0.17828941859738037 0 64
0.10671999999999966 9972.4137931034493  0.0  148.544 1 0.19663914356052845 0 63
0.10729999999999966 9951.7241379310344  0.0  146.199 1 0.17869232816978764 0 61
0.10787999999999966 10075.862068965516  0.0  150.042 1 0.18900103794156489 0 63
0.10845999999999965 9951.7241379310344  0.0  147.576 1 0.20580483736654348 0 62
0.10903999999999965 10055.172413793105  0.0  150.46 1 0.16957796047658308 0 65
0.10961999999999965 9951.7241379310344  0.0  148.214 1 0.19952064831850036 0 62
0.11019999999999965 9951.7241379310344  0.0  145.802 1 0.17064994826048308 0 60
0.11077999999999964 10075.862068965516  0.0  149.645 1 0.18012498278909708 0 64
0.11135999999999964 9951.7241379310344  0.0  147.424 1 0.21283408014054406 0 61
0.11193999999999964 10075.862068965516  0.0  150.304 1 0.17536987804549223 0 65
0.11251999999999963 9951.7241379310344  0.0  148.213 1 0.20359707333401833 0 63
0.11309999999999963 9951.7241379310344  0.0  146.992 1 0.21560722611798117 0 60
0.11367999999999963 10075.862068965516  0.0  149.876 1 0.18179356517155931 0 64
0.11425999999999963 9951.7241379310344  0.0  147.918 1 0.20437661518245753 0 62
0.11483999999999962 10055.172413793105  0.0  150.805 1 0.16493064744163818 0 64
0.11541999999999962 9993.1034482758623  0.0  149.645 1 0.19217976864643624 0 63
0.11599999999999962 9951.7241379310344  0.0  147.413 1 0.20626791646689183 0 62
0.11657999999999961 10055.172413793105  0.0  150.296 1 0.18350431399671741 0 64
0.11715999999999961 9951.7241379310344  0.0  147.973 1 0.19859567520227694 0 62
0.11773999999999961 10075.862068965516  0.0  151.829 1 0.16363779389836053 0 65
0.11831999999999961 9951.7241379310344  0.0  149.742 1 0.19199239308549795 0 63
0.1188999999999996 9972.4137931034493  0.0  147.514 1 0.19569685709559465 0 62
0.1194799999999996 10055.172413793105  0.0  150.396 1 0.17268762405686197 0 65
0.1200599999999996 9951.7241379310344  0.0  148.052 1 0.20001108123197159 0 62
0.12063999999999959 9972.4137931034493  0.0  146.899 1 0.16480405252878519 0 65
0.12121999999999959 10055.172413793105  0.0  149.782 1 0.19383126351729538 0 64
0.12179999999999959 9951.7241379310344  0.0  147.505 1 0.21193573065689394 0 61
0.12237999999999959 10075.862068965516  0.0  150.386 1 0.1746296608806194 0 65
0.12295999999999958 9951.7241379310344  0.0  148.944 1 0.20248917319758203 0 62
0.12353999999999958 9951.7241379310344  0.0  146.77 1 0.16684593738814438 0 60
0.12411999999999958 10075.862068965516  0.0  149.654 1 0.18411715099597276 0 64
0.12469999999999958 9951.7241379310344  0.0  147.314 1 0.21484998085881579 0 62
0.12527999999999959 10075.862068965516  0.0  151.157 1 0.177030929052369 0 64
0.12585999999999958 9951.7241379310344  0.0  148.685 1 0.19282033602747911 0 63
0.12643999999999958 9951.7241379310344  0.0  146.438 1 0.16846239439113167 0 61
0.12701999999999958 10055.172413793105  0.0  149.322 1 0.18696798218815236 0 63
0.12759999999999957 9951.7241379310344  0.0  146.913 1 0.21853693474428723 0 61
0.12817999999999957 10075.862068965516  0.0  150.754 1 0.16881458009993805 0 65
0.12875999999999957 9951.7241379310344  0.0  148.523 1 0.19948861626485659 0 62
0.12933999999999957 9972.4137931034493  0.0  146.435 1 0.16437355466159448 0 61
0.12991999999999956 10055.172413793105  0.0  149.313 1 0.19084283540825109 0 64
0.13049999999999956 9972.4137931034493  0.0  148.086 1 0.20681795169477449 0 62
0.13107999999999956 9951.7241379310344  0.0  145.831 1 0.17041274095943942 0 60
0.13165999999999956 10055.172413793105  0.0  148.707 1 0.19602932231112888 0 63
0.13223999999999955 9951.7241379310344  0.0  146.706 1 0.20267798526002348 0 60
0.13281999999999955 10096.551724137931  0.0  150.552 1 0.17753634892189601 0 64
0.13339999999999955 9951.7241379310344  0.0  148.393 1 0.20661827765689256 0 63
0.13397999999999954 9951.7241379310344  0.0  146.132 1 0.17024821462207332 0 60
0.13455999999999954 10075.862068965516  0.0  149.01 1 0.18480296893450587 0 64
0.13513999999999954 9951.7241379310344  0.0  147.933 1 0.19310628747248307 0 61
0.13571999999999954 10055.172413793105  0.0  150.818 1 0.17905561582309842 0 64
0.13629999999999953 9972.4137931034493  0.0  148.608 1 0.20880654480286776 0 63
0.13687999999999953 9951.7241379310344  0.0  146.284 1 0.19546475215624765 0 61
0.13745999999999953 10055.172413793105  0.0  149.163 1 0.1870188366615459 0 63
0.13803999999999952 9972.4137931034493  0.0  147.71 1 0.21619467805637799 0 61
0.13861999999999952 10055.172413793105  0.0  150.596 1 0.17813892540045792 0 65
0.13919999999999952 9951.7241379310344  0.0  148.421 1 0.19592591715419561 0 62
0.13977999999999952 9972.4137931034493  0.0  146.1 1 0.18518798105356693 0 61
0.14035999999999951 10055.172413793105  0.0  149.942 1 0.18795714105332484 0 63
0.14093999999999951 9951.7241379310344  0.0  147.821 1 0.20803488313966378 0 61
0.14151999999999951 10075.862068965516  0.0  150.704 1 0.17141546157137824 0 65
0.1420999999999995 9951.7241379310344  0.0  148.392 1 0.20043772857130351 0 63
0.1426799999999995 9951.7241379310344  0.0  146.913 1 0.17848893243688543 0 59
0.1432599999999995 10075.862068965516  0.0  149.79 1 0.18014266648596533 0 64
0.1438399999999995 9951.7241379310344  0.0  147.562 1 0.2122118787974894 0 62
0.14441999999999949 10055.172413793105  0.0  150.443 1 0.17485719993689619 0 64
0.14499999999999949 9972.4137931034493  0.0  148.994 1 0.20415153652896512 0 63
0.14557999999999949 9951.7241379310344  0.0  146.777 1 0.16020220240446256 0 61
0.14615999999999948 10055.172413793105  0.0  149.662 1 0.1865579436583619 0 63
0.14673999999999948 9972.4137931034493  0.0  147.578 1 0.21538567541836867 0 62
0.14731999999999948 10055.172413793105  0.0  150.463 1 0.17860106010943044 0 65
0.14789999999999948 9972.4137931034493  0.0  149.236 1 0.19364919641926678 0 63
0.14847999999999947 9951.7241379310344  0.0  146.977 1 0.21456202097534799 0 61
0.14905999999999947 10055.172413793105  0.0  149.859 1 0.18394229558340031 0 64
0.14963999999999947 9951.7241379310344  0.0  147.844 1 0.20212422119880646 0 61
0.15021999999999947 9993.1034482758623  0.0  146.644 1 0.16654522620751264 0 65
0.15079999999999946 10055.172413793105  0.0  149.523 1 0.19379106949270899 0 64
0.15137999999999946 9951.7241379310344  0.0  147.252 1 0.20426225411895171 0 61
0.15195999999999946 10075.862068965516  0.0  150.134 1 0.17330779880436958 0 65
0.15253999999999945 9951.7241379310344  0.0  148.738 1 0.20006903966845427 0 62
0.15311999999999945 9951.7241379310344  0.0  146.633 1 0.16485180880884598 0 60
0.15369999999999945 10075.862068965516  0.0  149.515 1 0.19327363948549678 0 64
0.15427999999999945 9951.7241379310344  0.0  147.261 1 0.2108682071055768 0 62
0.15485999999999944 10055.172413793105  0.0  150.142 1 0.17375004857942425 0 64
0.15543999999999944 9972.4137931034493  0.0  148.734 1 0.20138053950625628 0 63
0.15601999999999944 9951.7241379310344  0.0  146.596 1 0.16593245137539428 0 61
0.15659999999999943 10055.172413793105  0.0  149.479 1 0.18285184167609889 0 63
0.15717999999999943 9972.4137931034493  0.0  147.18 1 0.21317062584596017 0 62
0.15775999999999943 9951.7241379310344  0.0  145.72 1 0.17564718316164929 0 65
0.15833999999999943 10055.172413793105  0.0  148.598 1 0.19114765076693641 0 62
0.15891999999999942 9972.4137931034493  0.0  146.4 1 0.17416747754030201 0 61
0.15949999999999942 10055.172413793105  0.0  149.284 1 0.18527267591165422 0 64
0.16007999999999942 9951.7241379310344  0.0  147.881 1 0.21645308421044215 0 60
0.16065999999999941 10075.862068965516  0.0  150.766 1 0.16720485516591849 0 65
0.16123999999999941 9951.7241379310344  0.0  148.583 1 0.19756526979713976 0 63
0.16181999999999941 9951.7241379310344  0.0  146.212 1 0.16903876600716472 0 60
0.16239999999999941 10096.551724137931  0.0  150.056 1 0.19045285067628695 0 64
0.1629799999999994 9931.0344827586214  0.0  147.549 1 0.20787342539774076 0 62
0.1635599999999994 10055.172413793105  0.0  150.432 1 0.17128242449154665 0 64
0.1641399999999994 9972.4137931034493  0.0  148.455 1 0.20022911538856755 0 63
0.16471999999999939 9951.7241379310344  0.0  146.355 1 0.21300555877501781 0 61
0.16529999999999939 10075.862068965516  0.0  150.197 1 0.17964985733891742 0 64
0.16587999999999939 9951.7241379310344  0.0  147.988 1 0.20772298266894457 0 62
0.16645999999999939 10055.172413793105  0.0  150.878 1 0.17115846350285349 0 65
0.16703999999999938 9951.7241379310344  0.0  148.892 1 0.18849694169611114 0 62
0.16761999999999938 9993.1034482758623  0.0  147.716 1 0.20323336056910199 0 61
0.16819999999999938 10055.172413793105  0.0  150.6 1 0.18100391698620938 0 65
0.16877999999999937 9951.7241379310344  0.0  148.34 1 0.20977512323241296 0 62
0.16935999999999937 9972.4137931034493  0.0  146.001 1 0.20329628927064375 0 61
0.16993999999999937 10055.172413793105  0.0  149.84 1 0.18707567446039855 0 63
0.17051999999999937 9951.7241379310344  0.0  147.743 1 0.19164560578707154 0 61
0.17109999999999936 10075.862068965516  0.0  150.627 1 0.18086200411289918 0 65
0.17167999999999936 9951.7241379310344  0.0  148.372 1 0.19743245664617107 0 63
0.17225999999999936 9951.7241379310344  0.0  146.972 1 0.19351266467630876 0 60
0.17283999999999936 10075.862068965516  0.0  149.852 1 0.18842031905375631 0 64
0.17341999999999935 9951.7241379310344  0.0  147.72 1 0.20775590485936796 0 62
0.17399999999999935 10055.172413793105  0.0  150.603 1 0.17118559055184737 0 64
0.17457999999999935 9972.4137931034493  0.0  148.3 1 0.19965134669377205 0 63
0.17515999999999934 9951.7241379310344  0.0  146.844 1 0.18492430706986018 0 61
0.17573999999999934 10055.172413793105  0.0  149.722 1 0.17907609522165152 0 63
0.17631999999999934 9972.4137931034493  0.0  147.526 1 0.21069627889633183 0 62
0.17689999999999934 10055.172413793105  0.0  150.407 1 0.17360838410037108 0 65
0.17747999999999933 9951.7241379310344  0.0  148.997 1 0.20252556999387614 0 62
0.17805999999999933 9972.4137931034493  0.0  146.821 1 0.16602951529347706 0 61
0.17863999999999933 10055.172413793105  0.0  149.706 1 0.18496335158400579 0 64
0.17921999999999932 9951.7241379310344  0.0  147.342 1 0.21648365845231377 0 61
0.17979999999999932 9972.4137931034493  0.0  145.791 1 0.17837703790931614 0 65
0.18037999999999932 10055.172413793105  0.0  148.671 1 0.19474807675098016 0 63
0.18095999999999932 9951.7241379310344  0.0  146.699 1 0.16046747046742138 0 60
0.18153999999999931 10075.862068965516  0.0  149.579 1 0.18762432121017145 0 64
0.18211999999999931 9972.4137931034493  0.0  148.431 1 0.20433172608933955 0 62
0.18269999999999931 9951.7241379310344  0.0  146.227 1 0.16836415418738307 0 60
0.1832799999999993 10075.862068965516  0.0  149.104 1 0.1946928459703971 0 64
0.1838599999999993 9931.0344827586214  0.0  146.822 1 0.21208862837323167 0 61
0.1844399999999993 10055.172413793105  0.0  149.704 1 0.17342277659998967 0 63
0.1850199999999993 9993.1034482758623  0.0  148.625 1 0.20322879850981398 0 62
0.18559999999999929 9951.7241379310344  0.0  146.443 1 0.16745536986587456 0 61
0.18617999999999929 10055.172413793105  0.0  149.322 1 0.19482193369643902 0 63
0.18675999999999929 9972.4137931034493  0.0  147.032 1 0.21142745526810791 0 62
0.18733999999999928 10055.172413793105  0.0  150.878 1 0.17421085486568949 0 64
0.18791999999999928 9951.7241379310344  0.0  148.806 1 0.20481458478547146 0 62
0.18849999999999928 9972.4137931034493  0.0  146.578 1 0.19238105806627137 0 61
0.18907999999999928 10055.172413793105  0.0  149.458 1 0.18447795102832568 0 64
0.18965999999999927 9972.4137931034493  0.0  148.069 1 0.21387372640398833 0 61
0.19023999999999927 10055.172413793105  0.0  150.956 1 0.1762265201693019 0 65
0.19081999999999927 9951.7241379310344  0.0  148.825 1 0.19444862963546888 0 63
0.19139999999999927 9951.7241379310344  0.0  146.53 1 0.18397073364738953 0 60
0.19197999999999926 10075.862068965516  0.0  149.41 1 0.18695416009730709 0 64
0.19255999999999926 9951.7241379310344  0.0  147.953 1 0.21685048959885367 0 62
0.19313999999999926 10055.172413793105  0.0  150.838 1 0.16751184136874336 0 64
0.19371999999999925 9972.4137931034493  0.0  148.642 1 0.19722124463968907 0 63
0.19429999999999925 9951.7241379310344  0.0  146.278 1 0.17583863134577243 0 61
0.19487999999999925 10075.862068965516  0.0  150.121 1 0.18965961712668117 0 63
0.19545999999999925 9951.7241379310344  0.0  147.633 1 0.20661664523110687 0 62
0.19603999999999924 10055.172413793105  0.0  150.517 1 0.17024686954467425 0 65
0.19661999999999924 9951.7241379310344  0.0  148.249 1 0.20035274134494438 0 62
0.19719999999999924 9972.4137931034493  0.0  146.78 1 0.2195710640674704 0 60
0.19777999999999923 10055.172413793105  0.0  149.656 1 0.180920981745047 0 64
0.19835999999999923 9951.7241379310344  0.0  147.725 1 0.21074096192778327 0 61
0.19893999999999923 10075.862068965516  0.0  150.613 1 0.17477393412536657 0 65
0.19951999999999923 9972.4137931034493  0.0  149.492 1 0.19069283269637807 0 63
0.20009999999999922 9951.7241379310344  0.0  147.304 1 0.21212605233161036 0 61
0.20067999999999922 10075.862068965516  0.0  150.188 1 0.18193511927172687 0 65
0.20125999999999922 9931.0344827586214  0.0  147.913 1 0.20998534986799794 0 62
0.20183999999999921 10055.172413793105  0.0  150.802 1 0.16220868434245903 0 64
0.20241999999999921 9993.1034482758623  0.0  149.727 1 0.1902178691034131 0 64
0.20299999999999921 9951.7241379310344  0.0  147.547 1 0.20131802772396304 0 62
0.20357999999999921 10055.172413793105  0.0  150.43 1 0.18243568426427181 0 64
0.2041599999999992 9972.4137931034493  0.0  148.135 1 0.19805111310967213 0 63
0.2047399999999992 9951.7241379310344  0.0  146.725 1 0.20110575522749269 0 60
0.2053199999999992 10055.172413793105  0.0  149.604 1 0.18843637015836179 0 63
0.20589999999999919 9972.4137931034493  0.0  147.479 1 0.2071315316953258 0 62
0.20647999999999919 10055.172413793105  0.0  150.362 1 0.17067112291790151 0 65
0.20705999999999919 9972.4137931034493  0.0  149.042 1 0.19863046443204857 0 62
0.20763999999999919 9951.7241379310344  0.0  146.661 1 0.19116645934037207 0 61
0.20821999999999918 10055.172413793